Competition: National Women's Soccer League
Season: 2013
BlockSource: http://www.nwslsoccer.com/Stats/index_E.html

***NAME   GP       GS     MP       G       A       GWG     SH      SOG     C       CK      OFF     FC      FS      YC      RC
Key: name; games_played; games_started; minutes; goals; assists; game_winning_goals; shots; shots_on_goal; crosses; corner_kicks; offsides; fouls_committed; fouls_suffered; yellow_cards; red_cards

Team: Boston Breakers


Jazmyne Avant         ; 11   ;    11   ;   990  ;   0   ;    1   ;    0   ;    1   ;    0   ;    3   ;    0    ;   0   ;    6    ;   12   ;   0; 0
Jo Dragotta           ; 10   ;    6    ;   565  ;   0   ;    0   ;    0   ;    0   ;    0   ;    3   ;    0    ;   0   ;    6    ;   1    ;   1; 0
Maddy Evans           ; 11   ;    2    ;   370  ;   0   ;    0   ;    0   ;    3   ;    0   ;    2   ;    0    ;   0   ;    3    ;   4    ;   0; 0
Elizabeth Guess       ; 1    ;    0    ;   15   ;   0   ;    1   ;    0   ;    0   ;    0   ;    0   ;    0    ;   0   ;    0    ;   0    ;   0; 0
Kate Howarth          ; 4    ;    0    ;   26   ;   0   ;    0   ;    0   ;    0   ;    0   ;    0   ;    0    ;   0   ;    0    ;   0    ;   0; 0
Julie King            ; 21   ;    21   ;   1862 ;   0   ;    1   ;    0   ;    5   ;    3   ;    3   ;    0    ;   3   ;    10   ;   7    ;   0; 0
Adriana Leon          ; 6    ;    1    ;   163  ;   1   ;    0   ;    0   ;    3   ;    1   ;    0   ;    0    ;   0   ;    3    ;   2    ;   0; 0
Sydney Leroux         ; 19   ;    19   ;   1694 ;   11  ;    2   ;    4   ;    62  ;    30  ;    13  ;    0    ;   15  ;    11   ;   9    ;   1; 0
Joanna Lohman         ; 22   ;    21   ;   1897 ;   2   ;    0   ;    0   ;    12  ;    6   ;    2   ;    1    ;   2   ;    14   ;   15   ;   2; 0
Kia McNeill           ; 21   ;    21   ;   1890 ;   0   ;    0   ;    0   ;    4   ;    0   ;    0   ;    0    ;   0   ;    7    ;   3    ;   2; 0
Melinda Mercado       ; 1    ;    1    ;   90   ;   0   ;    0   ;    0   ;    0   ;    0   ;    0   ;    0    ;   0   ;    2    ;   0    ;   0; 0
Carmelina Moscato     ; 5    ;    1    ;   76   ;   0   ;    0   ;    0   ;    0   ;    0   ;    0   ;    0    ;   0   ;    1    ;   1    ;   0; 0
Mariah Nogueira       ; 20   ;    16   ;   1408 ;   3   ;    1   ;    0   ;    11  ;    7   ;    2   ;    0    ;   2   ;    14   ;   18   ;   1; 0
Heather O'Reilly      ; 20   ;    20   ;   1734 ;   5   ;    6   ;    3   ;    43  ;    32  ;    35  ;    54   ;   15  ;    11   ;   6    ;   1; 0
Lianne Sanderson      ; 22   ;    21   ;   1913 ;   5   ;    7   ;    0   ;    41  ;    15  ;    11  ;    12   ;   1   ;    16   ;   33   ;   0; 0
Katie Schoepfer       ; 20   ;    14   ;   1080 ;   2   ;    1   ;    0   ;    31  ;    13  ;    9   ;    36   ;   9   ;    7    ;   2    ;   0; 0
Kyah Simon            ; 17   ;    11   ;   1068 ;   3   ;    3   ;    0   ;    41  ;    22  ;    6   ;    1    ;   9   ;    9    ;   8    ;   0; 0
Cat Whitehill         ; 22   ;    22   ;   1978 ;   1   ;    2   ;    0   ;    20  ;    8   ;    15  ;    0    ;   0   ;    7    ;   6    ;   1; 0
Rhian Wilkinson       ; 14   ;    11   ;   913  ;   2   ;    1   ;    1   ;    7   ;    3   ;    9   ;    0    ;   1   ;    6    ;   9    ;   1; 0
Lisa-Marie Woods      ; 4    ;    1    ;   68   ;   0   ;    0   ;    0   ;    3   ;    1   ;    0   ;    0    ;   0   ;    1    ;   1    ;   0; 0


Team: Chicago Red Stars

Shannon Boxx          ;   2   ;   1   ;    123  ;   0   ;    0   ;    0   ;    2   ;    1   ;    2   ;    0   ;    0   ;    3   ;    0   ;    0; 0
Zakiya Bywaters       ;   6   ;   5   ;    372  ;   2   ;    0   ;    1   ;    8   ;    4   ;    2   ;    0   ;    4   ;    4   ;    2   ;    0; 0
Lori Chalupny         ;   18  ;   17  ;    1500 ;   5   ;    4   ;    2   ;    42  ;    20  ;    8   ;    28  ;    8   ;    33  ;    41  ;    3; 0
Maribel Dominguez     ;   16  ;   9   ;    700  ;   2   ;    0   ;    0   ;    24  ;    12  ;    5   ;    0   ;    5   ;    10  ;    7   ;    0; 0
Lauren Fowlkes        ;   4   ;   4   ;    291  ;   0   ;    0   ;    0   ;    1   ;    0   ;    0   ;    0   ;    2   ;    6   ;    7   ;    0; 0
Sonja Fuss            ;   16  ;   16  ;    1430 ;   2   ;    1   ;    0   ;    6   ;    2   ;    11  ;    0   ;    0   ;    8   ;    2   ;    0; 0
Dinora Garza          ;   2   ;   2   ;    93   ;   0   ;    0   ;    0   ;    1   ;    0   ;    0   ;    0   ;    0   ;    1   ;    1   ;    0; 0
Inka Grings           ;   16  ;   14  ;    1285 ;   3   ;    1   ;    1   ;    30  ;    13  ;    2   ;    0   ;    13  ;    15  ;    12  ;    2; 0
Taryn Hemmings        ;   14  ;   14  ;    1245 ;   0   ;    1   ;    0   ;    4   ;    2   ;    0   ;    0   ;    0   ;    10  ;    2   ;    0; 0
Jen Hoy               ;   9   ;   4   ;    471  ;   3   ;    1   ;    1   ;    9   ;    5   ;    2   ;    0   ;    7   ;    6   ;    5   ;    1; 0
Adriana Leon          ;   10  ;   9   ;    790  ;   1   ;    1   ;    1   ;    16  ;    8   ;    6   ;    1   ;    0   ;    16  ;    10  ;    1; 0
Ella Masar            ;   20  ;   14  ;    1206 ;   3   ;    2   ;    1   ;    24  ;    11  ;    7   ;    0   ;    11  ;    26  ;    9   ;    0; 0
Alyssa Mautz          ;   18  ;   8   ;    901  ;   4   ;    0   ;    0   ;    18  ;    13  ;    5   ;    0   ;    3   ;    15  ;    5   ;    3; 0
Jessica McDonald      ;   9   ;   3   ;    323  ;   0   ;    1   ;    0   ;    3   ;    2   ;    4   ;    0   ;    0   ;    6   ;    0   ;    0; 0
Carmelina Moscato     ;   5   ;   4   ;    363  ;   0   ;    0   ;    0   ;    1   ;    0   ;    0   ;    0   ;    1   ;    1   ;    0   ;    1; 0
Leslie Osborne        ;   18  ;   18  ;    1540 ;   1   ;    0   ;    0   ;    7   ;    4   ;    0   ;    1   ;    1   ;    20  ;    11  ;    2; 0
Rachel Quon           ;   19  ;   16  ;    1531 ;   0   ;    1   ;    0   ;    7   ;    0   ;    9   ;    0   ;    0   ;    7   ;    11  ;    1; 0
Jackie Santacaterina  ;   18  ;   14  ;    1306 ;   3   ;    1   ;    0   ;    12  ;    7   ;    0   ;    1   ;    0   ;    9   ;    3   ;    1; 0
Julianne Sitch        ;   20  ;   18  ;    1567 ;   1   ;    4   ;    0   ;    19  ;    8   ;    2   ;    34  ;    3   ;    33  ;    8   ;    1; 0
Lydia Vandenbergh     ;   17  ;   13  ;    1195 ;   0   ;    2   ;    0   ;    1   ;    1   ;    8   ;    23  ;    0   ;    8   ;    12  ;    1; 0
Michelle Wenino       ;   18  ;   17  ;    1468 ;   1   ;    1   ;    0   ;    8   ;    2   ;    3   ;    0   ;    0   ;    16  ;    6   ;    2; 0




Team: FC Kansas City

Jen Buczkowski      ;  22     ;   22   ;   1980  ;  0    ;   2   ;    0    ;   11   ;   11   ;   0   ;    0   ;    1   ;    11   ;   14   ;   0; 0
Tiffany Cameron     ;  1      ;   0    ;   4     ;  0    ;   0   ;    0    ;   0    ;   0    ;   0   ;    0   ;    0   ;    0    ;   0    ;   0; 0
Renae Cuellar       ;  11     ;   8    ;   682   ;  5    ;   0   ;    2    ;   27   ;   16   ;   0   ;    0   ;    18  ;    3    ;   8    ;   0; 0
Sinead Farrelly     ;  16     ;   10   ;   896   ;  1    ;   0   ;    1    ;   9    ;   3    ;   0   ;    0   ;    6   ;    4    ;   7    ;   0; 0
Jaime French        ;  1      ;   0    ;   11    ;  0    ;   0   ;    0    ;   0    ;   0    ;   0   ;    0   ;    0   ;    0    ;   0    ;   0; 0
Missy Geha          ;  1      ;   0    ;   1     ;  0    ;   0   ;    0    ;   0    ;   0    ;   0   ;    0   ;    0   ;    0    ;   0    ;   0; 0
Melissa Henderson   ;  17     ;   13   ;   1030  ;  0    ;   0   ;    0    ;   12   ;   9    ;   2   ;    0   ;    16  ;    11   ;   9    ;   0; 0
Lauren Holiday      ;  18     ;   18   ;   1620  ;  12   ;   9   ;    3    ;   63   ;   31   ;   9   ;    27  ;    3   ;    14   ;   28   ;   0; 0
Courtney Jones      ;  22     ;   6    ;   670   ;  4    ;   1   ;    1    ;   32   ;   21   ;   6   ;    0   ;    12  ;    6    ;   7    ;   0; 0
Katie Kelly         ;  7      ;   2    ;   207   ;  0    ;   0   ;    0    ;   2    ;   1    ;   0   ;    0   ;    0   ;    2    ;   1    ;   0; 0
Casey Loyd          ;  4      ;   3    ;   275   ;  1    ;   1   ;    1    ;   9    ;   4    ;   2   ;    5   ;    1   ;    2    ;   4    ;   0; 0
Merritt Mathias     ;  22     ;   19   ;   1738  ;  2    ;   3   ;    0    ;   25   ;   17   ;   19  ;    4   ;    7   ;    22   ;   13   ;   3; 0
Kristie Mewis       ;  20     ;   20   ;   1784  ;  1    ;   0   ;    1    ;   34   ;   13   ;   10  ;    43  ;    1   ;    12   ;   19   ;   2; 0
Natalie Norris      ;  1      ;   0    ;   1     ;  0    ;   0   ;    0    ;   0    ;   0    ;   0   ;    0   ;    0   ;    0    ;   0    ;   0; 0
Teresa Noyola       ;  7      ;   1    ;   155   ;  0    ;   0   ;    0    ;   3    ;   0    ;   1   ;    0   ;    0   ;    2    ;   1    ;   0; 0
Leigh Ann Robinson  ;  22     ;   22   ;   1900  ;  0    ;   5   ;    0    ;   10   ;   6    ;   16  ;    0   ;    2   ;    5    ;   5    ;   1; 0
Becky Sauerbrunn    ;  19     ;   19   ;   1710  ;  0    ;   1   ;    0    ;   2    ;   1    ;   1   ;    0   ;    0   ;    2    ;   5    ;   0; 0
Desiree Scott       ;  20     ;   20   ;   1800  ;  0    ;   0   ;    0    ;   7    ;   5    ;   2   ;    0   ;    0   ;    24   ;   12   ;   0; 0
Lauren Sesselmann   ;  19     ;   19   ;   1633  ;  0    ;   0   ;    0    ;   4    ;   1    ;   3   ;    0   ;    0   ;    17   ;   10   ;   3; 1
Erika Tymrak        ;  21     ;   16   ;   1453  ;  6    ;   4   ;    1    ;   26   ;   14   ;   6   ;    3   ;    5   ;    2    ;   18   ;   0; 0
Nia Williams        ;  4      ;   2    ;   182   ;  0    ;   0   ;    0    ;   0    ;   0    ;   0   ;    0   ;    0   ;    3    ;   1    ;   1; 0


Team: Portland Thorns



Jazmyne Avant     ; 4   ;   2   ;   212 ;   0   ;    0   ;    0    ;   2   ;    1   ;    3    ;   0   ;    0   ;    5   ;    1    ;   0; 0
Rachel Buehler    ; 20  ;   20  ;   1800;   0   ;    2   ;    0    ;   1   ;    1   ;    5    ;   1   ;    0   ;    14  ;    9    ;   2; 0
Marian Dougherty  ; 19  ;   19  ;  1666 ;   1   ;    1   ;    0    ;   11  ;    3   ;    18   ;   0   ;    1   ;    6   ;    7    ;   2; 0
Becky Edwards     ; 10  ;   10  ;  900  ;   0   ;    0   ;    0    ;   6   ;    5   ;    0    ;   0   ;    0   ;    17  ;    17   ;   3; 0
Tina Ellertson    ; 3   ;   0   ;  40   ;   0   ;    0   ;    0    ;   0   ;    0   ;    0    ;   0   ;    0   ;    1   ;    1    ;   0; 0
Danielle Foxhoven ; 21  ;   8   ;  997  ;   4   ;    0   ;    2    ;   23  ;    10  ;    11   ;   7   ;    7   ;    12  ;    15   ;   1; 0
Elizabeth Guess   ; 4   ;   1   ;  67   ;   0   ;    0   ;    0    ;   0   ;    0   ;    0    ;   0   ;    2   ;    3   ;    0    ;   2; 0
Tobin Heath       ; 7   ;   7   ;  630  ;   0   ;    3   ;    0    ;   17  ;    11  ;    16   ;   30  ;    0   ;    13  ;    11   ;   4; 0
Angie Kerr        ; 15  ;   9   ;  762  ;   0   ;    1   ;    0    ;   12  ;    5   ;    19   ;   24  ;    3   ;    7   ;    2    ;   0; 0
Allie Long        ; 22  ;   22  ;  1956 ;   3   ;    3   ;    1    ;   23  ;    9   ;    9    ;   3   ;    4   ;    29  ;    20   ;   2; 0
Nikki Marshall    ; 22  ;   22  ;  1871 ;   0   ;    1   ;    0    ;   7   ;    3   ;    15   ;   0   ;    2   ;    16  ;    17   ;   2; 0
Alex Morgan       ; 18  ;   18  ;  1525 ;   8   ;    5   ;    2    ;   82  ;    44  ;    28   ;   0   ;    22  ;    21  ;    26   ;   4; 0
Emilee O'Neil     ; 4   ;   1   ;  141  ;   0   ;    0   ;    0    ;   0   ;    0   ;    0    ;   0   ;    0   ;    1   ;    0    ;   0; 0
Casey Ramirez     ; 4   ;   1   ;  159  ;   0   ;    0   ;    0    ;   0   ;    0   ;    0    ;   0   ;    0   ;    2   ;    0    ;   0; 0
Meleana Shim      ; 19  ;   17  ;  1416 ;   5   ;    2   ;    2    ;   25  ;    13  ;    7    ;   2   ;    1   ;    17  ;    11   ;   1; 0
Jessica Shufelt   ; 4   ;   0   ;  31   ;   0   ;    0   ;    0    ;   0   ;    0   ;    0    ;   0   ;    0   ;    0   ;    1    ;   0; 0
Christine Sinclair; 20  ;   20  ;  1783 ;   8   ;    2   ;    3    ;   53  ;    26  ;    35   ;   1   ;    9   ;    14  ;    9    ;   2; 0
Nikki Washington  ; 11  ;   10  ;  776  ;   1   ;    2   ;    1    ;   6   ;    4   ;    18   ;   20  ;    3   ;    12  ;    16   ;   3; 0
Tiffany Weimer    ; 10  ;   5   ;  522  ;   1   ;    1   ;    0    ;   20  ;    10  ;    6    ;   2   ;    2   ;    4   ;    3    ;   0; 0
Courtney Wetzel   ; 16  ;   6   ;  602  ;   1   ;    1   ;    0    ;   2   ;    1   ;    7    ;   2   ;    0   ;    2   ;    2    ;   0; 0
Kathryn Williamson; 22  ;   22  ;  1944 ;   0   ;    0   ;    0    ;   0   ;    0   ;    1    ;   0   ;    0   ;    7   ;    9    ;   1; 0



Team: Seattle Reign

Lauren Barnes        ;   22  ;   22   ;    1950 ;   0   ;    0   ;    0    ;   4   ;    2   ;    5  ;     0    ;   1    ;   10   ;   11;  0; 0
Liz Bogus            ;   20  ;   11   ;    1008 ;   1   ;    2   ;    0    ;   18  ;    9   ;    18 ;     1    ;   4    ;   9    ;   6 ;  0; 0
Tiffany Cameron      ;   7   ;   4    ;    372  ;   0   ;    0   ;    0    ;   7   ;    3   ;    3  ;     0    ;   1    ;   3    ;   0 ;  0; 0
Kennya Cordner       ;   3   ;   2    ;    124  ;   0   ;    0   ;    0    ;   1   ;    0   ;    0  ;     0    ;   1    ;   1    ;   4 ;  0; 0
Stephanie Cox        ;   4   ;   4    ;    326  ;   0   ;    0   ;    0    ;   1   ;    0   ;    3  ;     0    ;   0    ;   3    ;   0 ;  0; 0
Renae Cuellar        ;   7   ;   3    ;    342  ;   0   ;    0   ;    0    ;   9   ;    2   ;    2  ;     0    ;   5    ;   4    ;   1 ;  1; 0
Kiersten Dallstream  ;   20  ;    14  ;    1296 ;   0   ;    0   ;    0    ;   5   ;    1   ;    10 ;     0    ;   0    ;   10   ;   6 ;  1; 1
Kate Deines          ;   17  ;    11  ;    979  ;   0   ;    0   ;    0    ;   0   ;    0   ;    2  ;     0    ;   0    ;   15   ;   6 ;  0; 0
Jessica Fishlock     ;   21  ;    21  ;    1878 ;   4   ;    0   ;    1    ;   45  ;    17  ;    19 ;     9    ;   2    ;   30   ;   44;  4; 0
Kaylyn Kyle          ;   21  ;    19  ;    1752 ;   3   ;    0   ;    1    ;   15  ;    6   ;    3  ;     0    ;   6    ;   26   ;   16;  4; 0
Kristina Larsen      ;   9   ;    4   ;    344  ;   0   ;    1   ;    0    ;   3   ;    0   ;    2  ;     0    ;   1    ;   11   ;   3 ;  1; 0
Jessica McDonald     ;   7   ;    6   ;    439  ;   3   ;    1   ;    1    ;   9   ;    5   ;    5  ;     0    ;   2    ;   1    ;   3 ;  0; 0
Kristen Meier        ;   6   ;    4   ;    363  ;   0   ;    0   ;    0    ;   0   ;    0   ;    2  ;     0    ;   1    ;   4    ;   1 ;  0; 0
Christine Nairn      ;   22  ;    22  ;    1926 ;   3   ;    5   ;    2    ;   46  ;    23  ;    47 ;     21   ;   8    ;   11   ;   25;  2; 0
Teresa Noyola        ;   11  ;    8   ;    758  ;   1   ;    1   ;    0    ;   17  ;    7   ;    9  ;     2    ;   5    ;   1    ;   11;  0; 0
Lyndsey Patterson    ;   3   ;    0   ;    37   ;   0   ;    0   ;    0    ;   0   ;    0   ;    1  ;     0    ;   0    ;   0    ;   0 ;  0; 0
Megan Rapinoe        ;   12  ;    11  ;    1023 ;   5   ;    1   ;    0    ;   65  ;    27  ;    32 ;     52   ;   11   ;   25   ;   15;  1; 0
Elli Reed            ;   17  ;    17  ;    1503 ;   0   ;    2   ;    0    ;   5   ;    1   ;    10 ;     0    ;   3    ;   8    ;   13;  2; 0
Jenny Ruiz Williams  ;   7   ;    4   ;    386  ;   0   ;    0   ;    0    ;   0   ;    0   ;    1  ;     0    ;   0    ;   2    ;   2 ;  1; 1
Lindsay Taylor       ;   6   ;    4   ;    343  ;   1   ;    0   ;    0    ;   11  ;    2   ;    4  ;     0    ;   1    ;   3    ;   4 ;  0; 0
Emily Van Egmond     ;   6   ;    4   ;    297  ;   0   ;    0   ;    0    ;   4   ;    0   ;    0  ;     0    ;   2    ;   3    ;   1 ;  1; 0
Keelin Winters       ;   21  ;    19  ;    1710 ;   1   ;    1   ;    0    ;   21  ;    10  ;    5  ;     0    ;   0    ;   14   ;   15;  1; 0
Emily Zurrer         ;   7   ;    6   ;    583  ;   0   ;    0   ;    0    ;   1   ;    1   ;    0  ;     0    ;   0    ;   7    ;   5 ;  1; 0



Team: Sky Blue FC



Danesha Adams                 ;   20 ;  20   ;   1641 ;   3   ;    3    ;   1   ;    33   ;   16  ;    9   ;    74   ;   2   ;    11   ;   14   ;   0; 0
Brittany Bock                 ;   7  ;  5    ;   439  ;   0   ;    0    ;   0   ;    7    ;   3   ;    0   ;    0    ;   0   ;    8    ;   5    ;   1; 0
Melanie Booth                 ;   3  ;  0    ;   25   ;   0   ;    0    ;   0   ;    0    ;   0   ;    0   ;    0    ;   0   ;    2    ;   0    ;   0; 0
Rachel Breton                 ;   1  ;  0    ;   15   ;   0   ;    0    ;   0   ;    0    ;   0   ;    0   ;    0    ;   0   ;    2    ;   1    ;   0; 0
Lisa De Vanna                 ;   16 ;  15   ;   1202 ;   5   ;    2    ;   2   ;    47   ;   26  ;    9   ;    0    ;   30  ;    11   ;   21   ;   1; 0
Caitlin Foord                 ;   15 ;  15   ;   1291 ;   0   ;    1    ;   0   ;    5    ;   3   ;    7   ;    0    ;   0   ;    13   ;   5    ;   1; 0
Katy Freels                   ;   22 ;  21   ;   1763 ;   1   ;    6    ;   1   ;    40   ;   17  ;    2   ;    0    ;   0   ;    19   ;   17   ;   0; 0
Courtney Goodson              ;   22 ;  22   ;   1980 ;   1   ;    1    ;   0   ;    15   ;   4   ;    0   ;    0    ;   1   ;    6    ;   9    ;   1; 0
Kendall Johnson               ;   22 ;  22   ;   1943 ;   0   ;    2    ;   0   ;    14   ;   2   ;    11  ;    0    ;   1   ;    13   ;   16   ;   0; 0
Lindsi Lisonbee-Cutshall      ;   7  ;  1    ;   190  ;   0   ;    0    ;   0   ;    0    ;   0   ;    0   ;    0    ;   0   ;    0    ;   2    ;   0; 0
Taylor Lytle                  ;   21 ;  12   ;   1324 ;   4   ;    0    ;   1   ;    23   ;   10  ;    1   ;    1    ;   0   ;    4    ;   7    ;   0; 0
Manya Makoski                 ;   20 ;  19   ;   1715 ;   0   ;    0    ;   0   ;    13   ;   5   ;    1   ;    0    ;   0   ;    13   ;   7    ;   0; 0
Ashley Nick                   ;   3  ;  2    ;   225  ;   0   ;    0    ;   0   ;    3    ;   0   ;    0   ;    0    ;   0   ;    0    ;   2    ;   0; 0
Monica Ocampo                 ;   16 ;  9    ;   901  ;   8   ;    2    ;   2   ;    34   ;   22  ;    1   ;    2    ;   9   ;    4    ;   7    ;   0; 0
Kelley O'Hara                 ;   12 ;  10   ;   924  ;   0   ;    3    ;   0   ;    38   ;   13  ;    5   ;    2    ;   7   ;    12   ;   8    ;   2; 0
Christie Rampone              ;   20 ;  20   ;   1800 ;   0   ;    0    ;   0   ;    4    ;   3   ;    5   ;    0    ;   1   ;    4    ;   9    ;   0; 0
Nayeli Rangel                 ;   10 ;  5    ;   443  ;   0   ;    0    ;   0   ;    6    ;   4   ;    1   ;    1    ;   1   ;    2    ;   9    ;   0; 0
Sophie Schmidt                ;   19 ;  18   ;   1569 ;   7   ;    1    ;   2   ;    39   ;   22  ;    3   ;    8    ;   0   ;    18   ;   14   ;   0; 1
Maddie Thompson               ;   14 ;  4    ;   409  ;   0   ;    0    ;   0   ;    0    ;   0   ;    0   ;    0    ;   1   ;    0    ;   0    ;   0; 0


Team: Washington Spirit



Marisa Abegg     ; 5   ;   4   ;   409  ;   0   ;    0    ;   0    ;   2   ;    0   ;    0   ;    0   ;    0   ;    1    ;   1   ;    0; 0
Candace Chapman  ; 8   ;   8   ;   548  ;   0   ;    0    ;   0    ;   3   ;    1   ;    0   ;    0   ;    0   ;    5    ;   6   ;    0; 0
Robyn Gayle      ; 14  ;   14  ;   1188 ;   0   ;    1    ;   0    ;   4   ;    1   ;    1   ;    0   ;    0   ;    9    ;   4   ;    2; 0
Domenica Hodak   ; 11  ;   6   ;   630  ;   0   ;    0    ;   0    ;   1   ;    1   ;    2   ;    0   ;    0   ;    12   ;   6   ;    0; 0
Tori Huster      ; 21  ;   21  ;   1880 ;   1   ;    0    ;   0    ;   7   ;    4   ;    1   ;    0   ;    2   ;    7    ;   17  ;    1; 0
Holly King       ; 11  ;   6   ;   633  ;   0   ;    0    ;   0    ;   4   ;    2   ;    0   ;    0   ;    0   ;    5    ;   2   ;    0; 0
Ali Krieger      ; 18  ;   16  ;   1412 ;   1   ;    0    ;   0    ;   7   ;    4   ;    21  ;    12  ;    2   ;    8    ;   6   ;    2; 0
Lori Lindsey     ; 21  ;   21  ;   1871 ;   1   ;    2    ;   0    ;   22  ;    9   ;    9   ;    59  ;    3   ;    3    ;   10  ;    0; 0
Diana Matheson   ; 19  ;   19  ;   1699 ;   8   ;    3    ;   1    ;   31  ;    15  ;    10  ;    6   ;    8   ;    5    ;   24  ;    0; 0
Tiffany McCarty  ; 21  ;   12  ;   1242 ;   2   ;    0    ;   1    ;   20  ;    7   ;    5   ;    0   ;    13  ;    15   ;   9   ;    0; 0
Caroline Miller  ; 7   ;   1   ;   193  ;   0   ;    0    ;   0    ;   5   ;    4   ;    0   ;    0   ;    1   ;    1    ;   4   ;    0; 0
Stephanie Ochs   ; 22  ;   21  ;   1842 ;   1   ;    2    ;   0    ;   27  ;    14  ;    12  ;    0   ;    7   ;    16   ;   16  ;    0; 0
Conny Pohlers    ; 13  ;   12  ;   970  ;   1   ;    0    ;   0    ;   14  ;    6   ;    0   ;    0   ;    13  ;    13   ;   11  ;    2; 0
Toni Pressley    ; 8   ;   8   ;   720  ;   0   ;    0    ;   0    ;   7   ;    2   ;    0   ;    0   ;    0   ;    3    ;   3   ;    1; 0
Julia Roberts    ; 20  ;   19  ;   1617 ;   0   ;    0    ;   0    ;   5   ;    3   ;    3   ;    4   ;    0   ;    22   ;   6   ;    1; 0
Jasmyne Spencer  ; 17  ;   6   ;   647  ;   0   ;    1    ;   0    ;   7   ;    3   ;    1   ;    0   ;    3   ;    7    ;   18  ;    0; 0
Lindsay Taylor   ; 6   ;   2   ;   232  ;   0   ;    0    ;   0    ;   0   ;    0   ;    0   ;    0   ;    0   ;    3    ;   4   ;    0; 0
Kika Toulouse    ; 16  ;   9   ;   891  ;   0   ;    0    ;   0    ;   3   ;    2   ;    1   ;    0   ;    1   ;    11   ;   8   ;    0; 0
Ingrid Wells     ; 8   ;   8   ;   547  ;   0   ;    0    ;   0    ;   2   ;    2   ;    3   ;    0   ;    3   ;    0    ;   2   ;    1; 0
Colleen Williams ; 6   ;   2   ;   128  ;   0   ;    0    ;   0    ;   1   ;    1   ;    0   ;    0   ;    0   ;    0    ;   2   ;    0; 0
Lupita Worbis    ; 11  ;   5   ;   401  ;   1   ;    1    ;   1    ;   3   ;    1   ;    0   ;    0   ;    0   ;    1    ;   3   ;    0; 0



Team: Western NY Flash

Amy Barczuk         ;    7   ;   2   ;    250  ;   0   ;    0   ;    0   ;    0   ;    0   ;    0  ;     0   ;    0   ;    5   ;    0   ;    0; 0
Vicki DiMartino     ;    12  ;   4   ;    387  ;   2   ;    1   ;    0   ;    11  ;    7   ;    2  ;     0   ;    7   ;    4   ;    6   ;    1; 0
Ashley Grove        ;    2   ;   0   ;    19   ;   0   ;    0   ;    0   ;    0   ;    0   ;    0  ;     0   ;    0   ;    0   ;    0   ;    0; 0
Laura Heyboer       ;    6   ;   3   ;    216  ;   0   ;    1   ;    0   ;    0   ;    0   ;    0  ;     0   ;    1   ;    6   ;    3   ;    0; 0
Sarah Huffman       ;    14  ;   11  ;    940  ;   0   ;    1   ;    0   ;    5   ;    4   ;    7  ;     11  ;    3   ;    8   ;    13  ;    1; 0
Estelle Johnson     ;    22  ;   22  ;    1980 ;   0   ;    0   ;    0   ;    0   ;    0   ;    0  ;     0   ;    0   ;    16  ;    8   ;    0; 0
Samantha Kerr       ;    19  ;   17  ;    1442 ;   6   ;    5   ;    1   ;    40  ;    22  ;    19 ;     0   ;    15  ;    11  ;    12  ;    1; 0
Carli Lloyd         ;    15  ;   14  ;    1286 ;   8   ;    0   ;    3   ;    53  ;    22  ;    2  ;     10  ;    3   ;    35  ;    18  ;    4; 0
Adriana Martin      ;    15  ;   14  ;    1199 ;   3   ;    1   ;    1   ;    29  ;    14  ;    8  ;     40  ;    7   ;    7   ;    7   ;    2; 0
Bryanna McCarthy    ;    1   ;   0   ;    15   ;   0   ;    0   ;    0   ;    0   ;    0   ;    0  ;     0   ;    0   ;    0   ;    0   ;    0; 0
Veronica Perez      ;    22  ;   11  ;    958  ;   1   ;    1   ;    1   ;    17  ;    7   ;    8  ;     11  ;    7   ;    13  ;    7   ;    0; 0
Katherine Reynolds  ;    22  ;   22  ;    1953 ;   0   ;    2   ;    0   ;    5   ;    1   ;    4  ;     0   ;    0   ;    18  ;    10  ;    2; 0
Jodi-Ann Robinson   ;    13  ;   0   ;    197  ;   1   ;    0   ;    0   ;    10  ;    4   ;    1  ;     0   ;    2   ;    4   ;    3   ;    1; 0
Alex Sahlen         ;    18  ;   18  ;    1555 ;   0   ;    3   ;    0   ;    7   ;    5   ;    8  ;     0   ;    1   ;    9   ;    9   ;    0; 0
Angela Salem        ;    21  ;   20  ;    1783 ;   0   ;    0   ;    0   ;    8   ;    1   ;    1  ;     1   ;    0   ;    17  ;    10  ;    1; 0
Brittany Taylor     ;    21  ;   21  ;    1890 ;   3   ;    4   ;    0   ;    14  ;    10  ;    4  ;     0   ;    0   ;    15  ;    6   ;    2; 0
Abby Wambach        ;    19  ;   19  ;    1693 ;   11  ;    8   ;    3   ;    64  ;    40  ;    3  ;     0   ;    15  ;    32  ;    34  ;    2; 0
Ingrid Wells        ;    10  ;   0   ;    149  ;   0   ;    0   ;    0   ;    3   ;    1   ;    0  ;     0   ;    2   ;    2   ;    1   ;    0; 0
Kimberly Yokers     ;    3   ;   2   ;    182  ;   0   ;    0   ;    0   ;    0   ;    0   ;    0  ;     0   ;    0   ;    2   ;    1   ;    0; 0
McCall Zerboni      ;    20  ;   20  ;    1706 ;   1   ;    0   ;    1   ;    26  ;    11  ;    5  ;     36  ;    2   ;    27  ;    26  ;    1; 0

